16
NisU       0.0000000 0.0455242 0.1439369 0.1074609 0.6292196 0.5841384 0.8018729 0.8018729 0.8469360 0.9794774 0.7166136 0.5999878 2.1173675 1.2657145 0.3385802 2.3737068 
NisU2      0.0455242 0.0000000 0.0955228 0.1602346 0.7125545 0.6636541 0.8961426 0.8961426 0.9459803 0.9972865 0.8121498 0.6773372 2.1554021 1.4065580 0.3307885 2.3202497 
NisP       0.1439369 0.0955228 0.0000000 0.1610855 0.8142548 0.7469799 0.9110957 0.9110957 0.9611906 1.0157436 0.8209997 0.6588886 1.8426559 1.4043092 0.5004788 2.9341646 
NisE       0.1074609 0.1602346 0.1610855 0.0000000 0.8221535 0.7690278 0.7054016 0.7054016 0.7437671 0.8657592 0.6303205 0.5290246 2.0436758 1.3930395 0.6080784 2.6184148 
NisQ       0.6292196 0.7125545 0.8142548 0.8221535 0.0000000 0.2386456 0.1147376 0.0759715 0.1589733 0.4163954 0.8022611 0.4095317 1.0192710 1.1623852 1.4461814 4.3991136 
NisG       0.5841384 0.6636541 0.7469799 0.7690278 0.2386456 0.0000000 0.2970943 0.3495236 0.3636184 0.5340897 0.9517878 0.5633797 1.0549338 1.5769146 1.0706278 3.5093740 
NisZ       0.8018729 0.8961426 0.9110957 0.7054016 0.1147376 0.2970943 0.0000000 0.0363570 0.0372833 0.2973105 0.6824150 0.3375772 1.0673292 1.1110260 1.7608391 4.5725266 
NisF       0.8018729 0.8961426 0.9110957 0.7054016 0.0759715 0.3495236 0.0363570 0.0000000 0.0754039 0.3490595 0.6620695 0.2884251 1.1746133 1.1039675 1.7608391 4.5725266 
NisA       0.8469360 0.9459803 0.9611906 0.7437671 0.1589733 0.3636184 0.0372833 0.0754039 0.0000000 0.2408599 0.5827319 0.3508937 1.2308054 0.9769726 1.8467232 4.7536105 
NisH       0.9794774 0.9972865 1.0157436 0.8657592 0.4163954 0.5340897 0.2973105 0.3490595 0.2408599 0.0000000 0.8014742 0.8380121 1.7655622 1.7255499 1.4143549 4.8495259 
NisJ       0.7166136 0.8121498 0.8209997 0.6303205 0.8022611 0.9517878 0.6824150 0.6620695 0.5827319 0.8014742 0.0000000 1.0498697 3.9180801 1.9808129 1.9912619 4.8476333 
NisS       0.5999878 0.6773372 0.6588886 0.5290246 0.4095317 0.5633797 0.3375772 0.2884251 0.3508937 0.8380121 1.0498697 0.0000000 0.9653336 1.0515196 1.4215989 5.5081063 
SalD       2.1173675 2.1554021 1.8426559 2.0436758 1.0192710 1.0549338 1.0673292 1.1746133 1.2308054 1.7655622 3.9180801 0.9653336 0.0000000 1.8482825 3.0388865 8.9623436 
KunA       1.2657145 1.4065580 1.4043092 1.3930395 1.1623852 1.5769146 1.1110260 1.1039675 0.9769726 1.7255499 1.9808129 1.0515196 1.8482825 0.0000000 3.5149632 6.0221218 
NisO1-3    0.3385802 0.3307885 0.5004788 0.6080784 1.4461814 1.0706278 1.7608391 1.7608391 1.8467232 1.4143549 1.9912619 1.4215989 3.0388865 3.5149632 0.0000000 2.7087669 
NisO4      2.3737068 2.3202497 2.9341646 2.6184148 4.3991136 3.5093740 4.5725266 4.5725266 4.7536105 4.8495259 4.8476333 5.5081063 8.9623436 6.0221218 2.7087669 0.0000000 
